
E = 190e9;
w = 25e-3;
h = 0.6e-3;
L = 60e-3;

s = [1 4 8 12]*1e-3;
F = E*w*h^3/(4*L^3)*s