%%误差汇总

s = [1 4 8 12];
s1 = [0.929 3.817 7.319 10.911];
s2 = [0.944 3.833 7.334 10.925];
s3 = [0.954 3.816 7.633 11.449];

err1 = (s1 - s)./s
err2 = (s2 - s)./s
err3 = (s3 - s)./s